
1.1          4, 8, 20, 24, 28, 32
1.2          2ghi, 4ef, 20, 24, 36, 38a
1.3          2, 10, 12, 16, 20, 22, 26, 30, 32
1.4          4, 8, 12, 14, 24, 28, 32
1.5          2, 4, 8, 12, 14, 18, 20, 24
1.6          2, 4, 8, 16, 18, 26, 32, 34
2.1          2, 4, 8, 10, 12, 16, 18, 20, 26, 28
2.2          2, 4abc, 6, 12, 14, 18, 22, 26
2.3          2, 4, 8, 10, 12, 16, 20, 22
2.4          2, 4, 6, 8, 10, 12, 14, 16, 18, 20, 24, 28
3.1          4, 12, 16, 22, 26, 32
3.2          4, 12, 14, 16, 18, 22
3.3          4, 6, 10, 12, 16, 20
3.4          4, 20, 24, 28, 30, 34, 36
3.5          2, 4, 8, 10, 12, 14, 18, 20, 28, 32
4.1          4, 6, 8, 18, 22, 24
4.2          2, 6, 12, 16, 24, 28
4.3          2, 4, 6, 12, 16, 20, 22, 26
4.4          2, 4, 8, 12, 16, 20, 22, 32
4.5          2, 4, 6, 8, 12, 14, 16, 20
4.6 SKIP HW and LECTURE  (6, 8, 10, 12)
4.7          2, 6, 12, 14, 16, 18, 20, 22
4.8          2, 4, 6, 8, 10, 12, 14, 18
5.1          2, 8, 10, 12, 18, 22
5.2          2, 6, 10, 12, 14, 22
5.3 SKIP HW and LECTURE 
5.4          2, 6, 8, 10, 12, 14, 16, 24
6.1          2, 4, 6, 12, 14, 16, 18, 20, 22, 26
6.2          4, 6, 8, 12, 16, 26, 28, 32
6.3          2, 4, 6
7.1          2, 8, 10, 12, 14
7.2          2, 4, 6, 8, 10, 16
7.3          2, 4, 6, 10, 12, 14, 18, 20, 28, 30
7.4 SKIP HW and LECTURE
7.5          2, 4, 8
8.1          2, 4, 6, 8, 10, 12, 14, 16, 18, 20, 22, 24
8.2          2, 4, 6, 8, 10, 12, 14
8.3          2, 4, 6, 8, 10, 12, 14, 16
8.4          2, 4, 6, 8, 10, 12, 14, 16
